0 0 0 34 -113 -60 -6 -57 -6 -10 -52 -17 42 5 4 
0 0 0 34 -113 -60 -6 -57 -6 -10 -52 -17 42 5 4 
0 0 0 34 -113 -60 -6 -57 -31 -35 -77 -42 42 5 4 
0 0 0 34 -113 -60 -31 -82 -6 -10 -52 -42 42 5 4 
0 0 0 34 -138 -85 -6 -57 -6 -10 -52 -42 42 5 4 
0 0 0 9 -138 -60 -6 -57 -6 -10 -52 -42 42 5 4 
0 0 0 9 -113 -60 -6 -57 -6 -10 -52 -42 42 5 4 
0 0 0 34 -113 -60 -6 -57 -6 -10 -52 -42 42 5 4 
0 0 0 34 -113 -60 -6 -57 -6 -10 -77 -42 42 5 4 
0 0 0 34 -113 -60 -6 -57 -6 -10 -77 -17 42 5 4 
0 0 0 34 -113 -60 -6 -57 -31 -35 -52 -17 42 5 4 
0 0 0 34 -113 -60 -6 -82 -31 -10 -52 -17 42 5 4 
0 0 0 34 -113 -60 -31 -82 -6 -10 -52 -17 42 5 4 
0 0 0 34 -113 -85 -6 -57 -6 -10 -52 -17 42 5 4 
0 0 0 34 -138 -85 -6 -57 -6 -10 -52 -17 42 5 4 
0 0 0 9 -138 -60 -6 -57 -6 -10 -52 -17 42 5 4 
0 0 -25 9 -138 -85 -31 -57 -6 -10 -52 -17 42 5 4 
0 0 0 34 -113 -60 -6 -82 -31 -10 -52 -17 42 5 4 
0 0 0 34 -113 -60 -6 -57 -6 -35 -77 -42 17 -20 4 
0 0 0 34 -113 -60 -6 -57 -6 -10 -52 -17 42 5 4 
