0 0 0 -26 -55 -26 17 40 -9 13 7 4 -1 0 0 
0 0 0 -26 -55 -26 17 40 -9 13 7 5 -1 0 0 
0 0 0 -26 -55 -26 17 40 -9 13 7 5 -1 0 0 
0 0 0 -26 -55 -26 17 40 -9 13 8 5 -1 0 0 
0 0 0 -26 -55 -26 17 40 -9 13 8 4 -1 0 0 
0 0 0 -26 -55 -26 17 40 -9 14 8 4 -1 0 0 
0 0 0 -26 -55 -26 17 40 -8 13 8 4 -1 0 0 
0 0 0 -26 -55 -26 17 41 -8 13 8 4 -1 0 0 
0 0 0 -26 -55 -26 17 41 -9 13 8 4 -1 0 0 
0 0 0 -26 -55 -25 18 40 -9 13 8 4 -1 0 0 
0 0 0 -26 -54 -25 17 40 -9 13 8 4 -1 0 0 
0 0 0 -26 -55 -26 17 40 -9 13 8 4 -1 0 0 
0 0 0 -26 -55 -26 17 40 -9 13 8 4 -1 0 0 
0 0 0 -26 -55 -26 17 40 -9 13 8 4 -1 0 0 
0 0 0 -26 -55 -26 17 40 -9 13 8 4 -1 0 0 
0 0 0 -26 -55 -26 17 40 -9 13 8 4 -1 0 0 
0 0 0 -26 -55 -26 17 40 -9 13 8 4 -1 0 0 
0 0 0 -26 -55 -26 17 40 -9 13 8 4 -1 0 0 
0 0 0 -26 -55 -26 17 40 -9 13 7 4 -1 0 0 
0 0 0 -26 -55 -26 17 40 -9 13 7 4 -1 0 0 
