0 0 1 26 12 -14 -7 -8 16 15 -5 -24 -8 -1 -3 
0 0 1 26 12 -14 -7 -8 16 15 -5 -24 -8 -1 -3 
0 0 1 26 12 -14 -7 -13 11 10 -5 -24 -8 -1 -3 
0 0 1 26 12 -14 -12 -8 16 15 -10 -24 -8 -1 -3 
0 0 1 26 12 -19 -7 -8 16 15 -10 -24 -8 -1 -3 
0 0 1 26 7 -14 -7 -8 16 15 -10 -24 -8 -1 -3 
0 0 1 26 7 -14 -7 -8 16 15 -10 -24 -8 -1 -3 
0 0 1 26 7 -14 -7 -8 16 15 -10 -24 -8 -1 -3 
0 0 1 26 7 -14 -7 -8 16 15 -10 -24 -8 -1 -3 
0 0 1 26 7 -14 -7 -8 16 15 -10 -24 -8 -1 -3 
0 0 1 26 7 -14 -7 -8 16 15 -10 -24 -8 -1 -3 
0 0 1 26 7 -14 -7 -8 16 10 -10 -24 -8 -1 -3 
0 0 1 26 7 -14 -7 -8 16 10 -5 -24 -8 -1 -3 
0 0 1 26 7 -14 -7 -8 16 10 -5 -24 -8 -1 -3 
0 0 1 26 7 -14 -7 -8 16 10 -5 -24 -8 -1 -3 
0 0 1 26 7 -14 -7 -8 11 10 -5 -24 -8 -1 -3 
0 0 1 26 7 -14 -7 -13 11 15 -5 -24 -8 -1 -3 
0 0 1 26 7 -19 -12 -13 16 15 -5 -24 -8 -1 -3 
0 0 1 26 12 -14 -7 -8 16 15 -5 -24 -8 -1 -3 
0 0 1 26 12 -14 -7 -8 16 15 -5 -24 -8 -1 -3 
