0 0 0 -5 -11 -17 0 1 20 8 -6 14 -3 -4 0 
0 0 0 -5 -11 -17 0 1 20 8 -6 14 -3 -4 0 
0 0 0 -5 -11 -17 0 1 18 6 -8 12 -3 -4 0 
0 0 0 -5 -11 -17 -2 -1 20 8 -6 12 -3 -4 0 
0 0 0 -5 -13 -19 0 1 20 8 -6 12 -3 -4 0 
0 0 0 -7 -13 -17 0 1 20 8 -6 12 -3 -4 0 
0 0 0 -7 -11 -17 0 1 20 8 -6 12 -3 -4 0 
0 0 0 -5 -11 -17 0 1 20 8 -6 12 -3 -4 0 
0 0 0 -5 -11 -17 0 1 20 8 -8 12 -3 -4 0 
0 0 0 -5 -11 -17 0 1 20 8 -8 14 -3 -4 0 
0 0 0 -5 -11 -17 0 1 18 6 -6 14 -3 -4 0 
0 0 0 -5 -11 -17 0 -1 18 8 -6 14 -3 -4 0 
0 0 0 -5 -11 -17 -2 -1 20 8 -6 14 -3 -4 0 
0 0 0 -5 -11 -19 0 1 20 8 -6 14 -3 -4 0 
0 0 0 -5 -13 -19 0 1 20 8 -6 14 -3 -4 0 
0 0 0 -7 -13 -17 0 1 20 8 -6 14 -3 -4 0 
0 0 -2 -7 -13 -19 -2 1 20 8 -6 14 -3 -4 0 
0 0 0 -5 -11 -17 0 -1 18 8 -6 14 -3 -4 0 
0 0 0 -5 -11 -17 0 1 20 6 -8 12 -5 -6 0 
0 0 0 -5 -11 -17 0 1 20 8 -6 14 -3 -4 0 
