-12 -12 -10 49 -197 -71 -23 -57 -2 -21 -35 3 55 6 -6 
-12 -12 -18 39 -188 -62 16 -29 1 -3 -41 -31 12 1 -6 
-12 -12 -18 39 -220 -66 45 -65 -21 0 -34 -43 -38 -28 -6 
-12 -12 -20 -5 -222 -73 -67 -105 -41 -14 -28 0 -4 -11 -6 
-12 -20 -17 18 -179 -84 -34 -73 -20 -18 -7 42 8 -17 -6 
-12 -7 1 -2 -157 -83 -23 -74 -22 -26 -29 37 12 -2 -4 
-12 -2 19 16 -183 -73 -23 -74 -25 -26 -27 24 20 14 -2 
-12 1 10 -10 -204 -73 -33 -83 -35 -32 -43 6 17 26 -2 
-10 2 24 4 -236 -117 -65 -109 -57 -54 -44 11 2 38 -2 
-9 1 40 64 -211 -98 -46 -105 -52 -71 -96 -63 -2 38 -2 
-10 5 41 54 -230 -100 -51 -114 -62 -75 -91 -42 70 0 -34 
-10 11 40 70 -197 -88 -28 -74 -22 -28 -86 -51 70 28 -34 
-10 12 41 86 -194 -76 -23 -75 -23 -47 -56 -6 79 15 -36 
-10 12 42 90 -177 -71 -21 -76 -45 -46 -52 -10 79 3 -36 
-11 9 27 104 -174 -66 -19 -92 -58 -37 -28 18 41 -34 -36 
-11 -24 16 109 -152 -54 -23 -109 -34 6 7 -7 4 -23 -4 
-12 -29 -57 17 -244 -105 -67 -124 -32 -29 -27 -76 33 8 -4 
-12 -13 -38 25 -229 -104 -16 -69 -16 -5 -57 -46 32 6 -6 
-12 -12 -9 55 -171 -48 5 -47 -32 -39 -61 -46 1 6 -6 
-12 -12 -10 49 -195 -63 -10 -67 -16 -21 -40 2 54 6 -6 
