-13 -13 -15 -40 -91 -45 18 47 -20 -7 -15 0 -13 -16 -13 
-13 -13 -15 -40 -91 -51 7 27 -35 21 8 27 -9 -15 -13 
-13 -13 -15 -40 -116 -74 -15 29 -37 6 21 40 -3 -13 -13 
-13 -13 -15 -42 -109 -60 2 35 -23 23 26 30 -8 -16 -13 
-13 -15 -17 -49 -103 -54 16 45 8 50 37 31 -13 -18 -13 
-13 -13 -15 -55 -102 -45 24 56 50 23 38 17 -14 -18 -13 
-13 -13 -23 -59 -97 -33 24 109 30 6 49 7 -16 -16 -13 
-13 -13 -23 -40 -88 -41 56 77 -20 8 49 3 -16 -16 -13 
-13 -13 -15 -40 -91 -45 8 37 -36 -6 18 -4 -16 -16 -13 
-13 -13 -15 -40 -90 -52 9 35 -39 27 20 3 -14 -16 -13 
-13 -13 -15 -40 -93 -51 11 36 -32 26 12 1 -16 -18 -13 
-13 -13 -15 -40 -91 -45 17 45 -23 11 28 -4 -22 -18 -13 
-13 -13 -15 -40 -91 -45 16 47 -26 30 25 0 -29 -18 -13 
-13 -13 -15 -40 -91 -47 17 40 -27 32 27 4 -29 -20 -13 
-13 -13 -15 -40 -93 -47 11 40 -27 35 25 5 -25 -20 -13 
-13 -13 -16 -47 -103 -66 -2 27 -38 7 23 1 -21 -16 -13 
-13 -13 -24 -53 -111 -73 -8 10 -33 -28 22 11 -35 -18 -13 
-13 -24 -35 -65 -123 -74 -10 26 -25 -4 38 19 -30 -25 -21 
-13 -13 -16 -45 -96 -50 14 46 -14 6 12 22 -13 -16 -13 
-13 -13 -15 -40 -91 -46 15 44 -21 -8 -8 2 -14 -16 -13 
