-13 -13 -14 2 22 -8 -14 -24 -4 14 -1 -22 -41 -20 -16 
-13 -13 -14 2 17 -15 -10 -28 -8 -12 -19 -31 -40 -20 -16 
-13 -13 -14 3 4 -18 -22 -28 0 -7 -11 -29 -36 -20 -16 
-13 -13 -11 13 17 8 1 3 19 4 -15 -30 -35 -21 -16 
-13 -13 -2 9 12 10 2 -15 1 4 -4 -26 -34 -21 -16 
-13 -13 4 15 21 2 -13 -22 -3 7 -6 -19 -29 -26 -17 
-13 -14 -5 -3 12 -14 -13 -22 -6 6 -3 -22 -30 -25 -17 
-13 -14 -14 -5 23 -15 -14 -23 -4 -1 -2 -25 -27 -25 -17 
-13 -14 -21 -19 18 -12 -22 -30 -18 4 9 -24 -35 -25 -17 
-13 -14 -22 -23 11 -21 -24 -33 -15 13 6 -13 -43 -25 -17 
-13 -14 -22 -25 5 -18 -22 -25 -17 2 18 -28 -51 -25 -17 
-13 -14 -22 -14 2 -15 -13 -17 4 12 -14 -32 -55 -26 -17 
-13 -14 -22 -14 2 -14 -12 -12 5 23 -29 -37 -54 -24 -16 
-13 -14 -22 -15 10 -1 -1 -1 27 1 -23 -36 -52 -24 -16 
-13 -13 -21 -12 16 -3 17 11 9 -9 -28 -41 -48 -23 -16 
-13 -13 -21 -11 28 19 22 -4 -7 -12 -22 -33 -47 -22 -16 
-13 -11 -3 9 56 33 8 -7 -3 -4 -22 -24 -43 -19 -16 
-13 -5 11 34 65 15 -8 9 30 22 13 13 -22 -8 -14 
-11 -8 1 14 24 -22 -23 -30 7 20 16 -5 -26 -17 -16 
-13 -13 -14 2 20 -8 -13 -22 -6 -2 -9 -29 -46 -20 -16 
