-9 -9 -14 -1 -10 -42 -17 -7 15 89 42 9 -10 -1 -9 
-9 -9 -14 2 -8 -43 -16 -10 23 53 -21 -1 -20 -1 -9 
-9 -8 -12 -1 -21 -52 -44 -32 6 33 0 8 -20 1 -7 
-9 -9 -11 -11 -47 -35 -19 3 4 -15 11 16 -18 -3 -9 
-9 -7 -12 -39 -32 -44 -39 -28 10 11 -27 9 -8 -1 -9 
-9 -9 -18 -24 -24 -58 -47 -20 -31 18 -27 13 -7 0 -11 
-9 -11 -24 -33 -36 -63 -39 -58 -14 34 -3 9 -13 2 -9 
-9 -11 -18 -29 -24 -67 -76 -33 31 24 33 14 -7 2 -11 
-9 -11 -24 -32 -16 -43 -27 14 46 40 35 19 -14 -1 -11 
-9 -11 -24 -29 -8 -32 0 18 52 24 24 -4 -9 -1 -11 
-9 -17 -29 -29 -5 -36 -6 18 29 12 47 8 2 8 -11 
-9 -17 -24 -10 -20 -34 -16 2 8 12 38 13 -1 6 -11 
-9 -17 -24 -17 -21 -54 -33 -18 -17 29 32 17 3 8 -9 
-9 -17 -19 -18 -15 -43 -24 -26 -15 32 22 12 5 10 -9 
-9 -15 -23 -10 -15 -48 -42 -49 23 29 40 18 13 13 -9 
-9 -9 -16 -19 -40 -80 -66 -53 18 31 15 14 -6 2 -9 
-9 -9 -10 -18 -13 -66 -44 -36 -13 60 6 4 -7 0 -9 
-8 -4 -8 -8 -9 -33 7 21 15 34 -5 -18 -25 -3 -9 
-9 -6 -16 -1 -9 -44 -22 -1 22 52 25 3 -6 -1 -9 
-9 -9 -14 0 -9 -38 -22 -6 27 85 48 13 -3 -1 -9 
