-12 -12 -12 -12 -12 -14 -12 -15 -15 -14 -14 -14 -12 -12 -12 
-12 -12 -7 3 -10 -20 -28 -31 -30 -24 -17 -6 -10 -12 -12 
-12 -12 -7 19 10 -22 -28 -29 -28 -26 -18 -2 -9 -7 -12 
-12 -12 -2 37 -1 -31 -24 -18 -18 -23 -14 14 2 -3 -12 
-12 -13 -5 34 -16 -24 -15 -13 -12 -12 -11 20 2 -4 -12 
-12 -13 -5 29 -20 -21 -13 -13 -12 -9 14 19 2 -5 -14 
-12 -13 -4 28 -12 -14 -12 -12 -14 -4 14 8 1 -4 -14 
-12 -13 -4 28 -9 -16 -10 -11 -7 2 23 5 -1 -8 -14 
-12 -13 -7 25 4 -5 -8 -13 -5 -3 20 -4 4 -15 -14 
-12 -13 -11 21 12 -3 -4 -7 1 18 25 -4 5 -15 -14 
-12 -8 -8 13 4 -1 3 0 4 22 25 2 0 -16 -14 
-12 -12 -17 -1 3 5 2 -1 10 12 19 11 -1 -18 -14 
-12 -12 -19 -1 13 20 19 12 13 3 5 12 -5 -17 -12 
-12 -12 -23 -24 -16 -13 -8 -7 -9 -15 8 12 -3 -18 -12 
-12 -14 -19 -22 -17 -13 -13 -15 -18 -12 7 10 -5 -16 -12 
-12 -14 -16 -22 -25 -16 -14 -18 -16 -15 6 12 -5 -12 -12 
-14 -12 -20 -21 -27 -27 -27 -24 -26 -23 -1 13 -3 -13 -12 
-14 -12 -18 -25 -24 -26 -25 -29 -28 -20 3 19 5 -13 -12 
-14 -14 -13 -17 -17 -14 -14 -14 -16 -12 6 8 -3 -12 -12 
-12 -14 -14 -14 -13 -16 -16 -16 -16 -11 4 -7 -12 -12 -12 
