-106 -106 -106 -106 -106 -102 -46 -52 -52 -49 -109 -109 -106 -106 -106 
-106 -106 -106 -106 -36 -8 -13 -12 -14 -14 -6 -8 -10 -76 -106 
-106 -106 -106 -46 103 66 20 24 47 48 52 92 61 -62 -106 
-106 -106 -106 14 100 46 46 18 15 -10 -8 43 -40 -109 -106 
-106 -106 -108 -46 43 -61 -74 -107 -106 -110 -108 -90 -90 -109 -106 
-106 -107 -108 34 12 -56 -75 -107 -106 -110 -108 -108 -109 -111 -109 
-106 -107 -107 37 15 -54 -74 -106 -109 -110 -108 -110 -109 -108 -109 
-106 -107 -109 65 21 -57 -77 -110 -109 -107 -106 -110 -109 -108 -109 
-107 -107 -105 63 8 -14 -37 -68 -68 -67 -109 -110 -109 -108 -109 
-107 -106 -106 8 -35 58 47 46 44 19 -23 -70 -66 -108 -109 
-107 -106 -106 31 55 72 50 40 67 81 84 -95 -96 -65 -66 
-107 -106 -106 20 -30 -40 -104 -104 -100 -33 11 70 -54 -111 -66 
-107 -106 -94 -106 -99 -88 -88 -88 -87 -84 5 53 -58 -99 -63 
-107 -107 -94 -95 -87 -88 -107 -106 -106 -104 -16 50 -43 -99 -63 
-106 -107 -89 -111 -113 -106 -107 -106 -109 -110 -8 26 -36 -53 -63 
-106 -64 -108 -110 -116 -110 -107 -109 -111 -108 9 41 8 -57 -106 
-102 -63 14 47 40 8 -15 -14 13 48 108 109 -60 -101 -106 
-102 -76 3 72 12 33 32 36 64 50 49 -60 -82 -107 -106 
-102 -102 -96 4 -9 -13 -14 -17 -22 -85 -65 -90 -108 -106 -106 
-106 -102 -102 -102 -82 -88 -87 -87 -87 -84 -84 -106 -106 -106 -106 
